<?xml version="1.0" encoding="UTF-8" standalone="no"?>
<!DOCTYPE svg PUBLIC "-//W3C//DTD SVG 20010904//EN"
              "http://www.w3.org/TR/2001/REC-SVG-20010904/DTD/svg10.dtd">

<svg xmlns="http://www.w3.org/2000/svg"
     width="0.577778in" height="0.411111in"
     viewBox="0 0 52 37">
  <path id="Imported Path"
        fill="none" stroke="black" stroke-width="1"
        d="M 50.00,15.00
           C 50.00,15.00 50.00,35.00 50.00,35.00
             50.00,35.00 47.00,35.00 47.00,35.00
             47.00,35.00 47.00,15.00 47.00,15.00
             47.00,15.00 50.00,15.00 50.00,15.00 Z
           M 41.00,15.00
           C 41.00,15.00 41.00,35.00 41.00,35.00
             41.00,35.00 38.00,35.00 38.00,35.00
             38.00,35.00 38.00,15.00 38.00,15.00
             38.00,15.00 41.00,15.00 41.00,15.00 Z
           M 32.00,15.00
           C 32.00,15.00 32.00,35.00 32.00,35.00
             32.00,35.00 29.00,35.00 29.00,35.00
             29.00,35.00 29.00,15.00 29.00,15.00
             29.00,15.00 32.00,15.00 32.00,15.00 Z
           M 23.00,15.00
           C 23.00,15.00 23.00,35.00 23.00,35.00
             23.00,35.00 20.00,35.00 20.00,35.00
             20.00,35.00 20.00,15.00 20.00,15.00
             20.00,15.00 23.00,15.00 23.00,15.00 Z
           M 14.00,15.00
           C 14.00,15.00 14.00,35.00 14.00,35.00
             14.00,35.00 11.00,35.00 11.00,35.00
             11.00,35.00 11.00,15.00 11.00,15.00
             11.00,15.00 14.00,15.00 14.00,15.00 Z
           M 5.00,15.00
           C 5.00,15.00 5.00,35.00 5.00,35.00
             5.00,35.00 2.00,35.00 2.00,35.00
             2.00,35.00 2.00,15.00 2.00,15.00
             2.00,15.00 5.00,15.00 5.00,15.00 Z" />
</svg>
